./gen_ff 200 5 1 50 1.0 40.0
1, 3.96599, 3.96598, 200, 5, 50, 100,1, 11.0472
./gen_ff 200 5 1 50 1.0 40.0
1, 3.29623, 3.29622, 200, 5, 50, 100,1, 438.972
./gen_ff 200 5 1 50 1.0 40.0
1, 4.34488, 4.34487, 200, 5, 50, 100,1, 12.7898
./gen_ff 200 5 1 50 1.0 40.0
1, 3.53821, 3.5382, 200, 5, 50, 100,1, 433.081
./gen_ff 200 5 1 50 1.0 40.0
1, 3.18561, 3.1856, 200, 5, 50, 100,1, 27.8653
./gen_ff 200 5 1 50 1.0 40.0
1, 3.42881, 3.42879, 200, 5, 50, 100,1, 449.077
./gen_ff 200 5 1 50 1.0 40.0
1, 3.24386, 3.24384, 200, 5, 50, 100,1, 17.1493
./gen_ff 200 5 2 50 1.0 40.0
2, 2.50419, 2.50418, 200, 5, 50, 100,1, 464.636
./gen_ff 200 5 2 50 1.0 40.0
2, 2.11286, 2.11285, 200, 5, 50, 100,1, 16.2952
./gen_ff 200 5 2 50 1.0 40.0
2, 2.68303, 2.68302, 200, 5, 50, 100,1, 368.402
./gen_ff 200 5 2 50 1.0 40.0
2, 2.40512, 2.40511, 200, 5, 50, 100,1, 12.7432
./gen_ff 200 5 2 50 1.0 40.0
2, 3.00352, 3.00351, 200, 5, 50, 100,1, 381.822
./gen_ff 200 5 2 50 1.0 40.0
2, 2.58832, 2.58831, 200, 5, 50, 100,1, 6.96481
./gen_ff 200 5 2 50 1.0 40.0
2, 2.44507, 2.44506, 200, 5, 50, 100,1, 10.5349
./gen_ff 200 5 4 50 1.0 40.0
4, 2.36051, 2.36047, 200, 5, 50, 100,1, 13.8428
./gen_ff 200 5 4 50 1.0 40.0
4, 2.68246, 2.68245, 200, 5, 50, 100,1, 460.078
./gen_ff 200 5 4 50 1.0 40.0
4, 2.85568, 2.85567, 200, 5, 50, 100,1, 6.97565
./gen_ff 200 5 4 50 1.0 40.0
4, 2.06364, 2.06363, 200, 5, 50, 100,1, 15.6039
./gen_ff 200 5 4 50 1.0 40.0
4, 2.08706, 2.08704, 200, 5, 50, 100,1, 21.0183
./gen_ff 200 5 4 50 1.0 40.0
4, 1.82573, 1.82572, 200, 5, 50, 100,1, 6.98443
./gen_ff 200 5 4 50 1.0 40.0
4, 2.61346, 2.61344, 200, 5, 50, 100,1, 17.4571
./gen_ff 200 5 8 50 1.0 40.0
8, 2.09617, 2.09616, 200, 5, 50, 100,1, 7.09405
./gen_ff 200 5 8 50 1.0 40.0
8, 4.16496, 4.16495, 200, 5, 50, 100,1, 428.168
./gen_ff 200 5 8 50 1.0 40.0
8, 2.52651, 2.5265, 200, 5, 50, 100,1, 14.3127
./gen_ff 200 5 8 50 1.0 40.0
8, 2.48882, 2.4888, 200, 5, 50, 100,1, 10.035
./gen_ff 200 5 8 50 1.0 40.0
8, 2.41544, 2.41543, 200, 5, 50, 100,1, 9.8756
./gen_ff 200 5 8 50 1.0 40.0
8, 1.85009, 1.85008, 200, 5, 50, 100,1, 7.59625
./gen_ff 200 5 8 50 1.0 40.0
8, 2.00668, 2.00667, 200, 5, 50, 100,1, 11.9992
