./gen_threads 400 5 0 50 1.0 40.0
9.44771, 9.44767, 400, 5, 50, 100,1, 14.1016
./gen_threads 400 5 0 50 1.0 40.0
6.93936, 6.93934, 400, 5, 50, 100,1, 7.93342
./gen_threads 400 5 0 50 1.0 40.0
6.47751, 6.47747, 400, 5, 50, 100,1, 6.91935
./gen_threads 400 5 0 50 1.0 40.0
7.26966, 7.26962, 400, 5, 50, 100,1, 41.9238
./gen_threads 400 5 0 50 1.0 40.0
6.75451, 6.75449, 400, 5, 50, 100,1, 7.13318
./gen_threads 400 5 0 50 1.0 40.0
7.18739, 7.1873, 400, 5, 50, 100,1, 11.166
./gen_threads 400 5 0 50 1.0 40.0
6.28148, 6.28146, 400, 5, 50, 100,1, 14.2017
