./gen_threads 400 5 0 50 1.0 40.0
11.588, 11.5879, 400, 5, 50, 200,1, 8.77868
./gen_threads 400 5 0 50 1.0 40.0
17.6124, 17.6124, 400, 5, 50, 200,1, 23.4588
./gen_threads 400 5 0 50 1.0 40.0
12.5296, 12.5296, 400, 5, 50, 200,1, 13.1402
./gen_threads 400 5 0 50 1.0 40.0
11.2288, 11.2288, 400, 5, 50, 200,1, 18.1132
./gen_threads 400 5 0 50 1.0 40.0
10.7758, 10.7758, 400, 5, 50, 200,1, 655.893
./gen_threads 400 5 0 50 1.0 40.0
10.9869, 10.9869, 400, 5, 50, 200,1, 15.6342
./gen_threads 400 5 0 50 1.0 40.0
10.9501, 10.9501, 400, 5, 50, 200,1, 9.68559
