./gen_threads 200 5 0 50 1.0 40.0
4.39849, 4.39845, 200, 5, 50, 100,1, 9.76142
./gen_threads 200 5 0 50 1.0 40.0
3.34741, 3.34739, 200, 5, 50, 100,1, 449.666
./gen_threads 200 5 0 50 1.0 40.0
3.3373, 3.33728, 200, 5, 50, 100,1, 464.588
./gen_threads 200 5 0 50 1.0 40.0
2.77785, 2.77784, 200, 5, 50, 100,1, 8.49451
./gen_threads 200 5 0 50 1.0 40.0
2.85603, 2.85601, 200, 5, 50, 100,1, 439.464
./gen_threads 200 5 0 50 1.0 40.0
3.1528, 3.15279, 200, 5, 50, 100,1, 230.424
./gen_threads 200 5 0 50 1.0 40.0
3.81733, 3.81732, 200, 5, 50, 100,1, 18.5335
