./gen_ff 400 5 1 50 1.0 40.0 
1, 6.65435, 6.65434, 400, 5, 50, 100,1, 458.164
./gen_ff 400 5 1 50 1.0 40.0 
1, 6.64074, 6.64072, 400, 5, 50, 100,1, 8.29668
./gen_ff 400 5 1 50 1.0 40.0 
1, 7.95977, 7.95976, 400, 5, 50, 100,1, 16.1304
./gen_ff 400 5 1 50 1.0 40.0 
1, 7.72632, 7.72631, 400, 5, 50, 100,1, 8.13166
./gen_ff 400 5 1 50 1.0 40.0 
1, 6.63644, 6.63641, 400, 5, 50, 100,1, 7.66054
./gen_ff 400 5 1 50 1.0 40.0 
1, 7.58161, 7.5816, 400, 5, 50, 100,1, 20.0595
./gen_ff 400 5 1 50 1.0 40.0 
1, 7.00289, 7.00285, 400, 5, 50, 100,1, 10.5379
./gen_ff 400 5 2 50 1.0 40.0 
2, 5.93043, 5.93042, 400, 5, 50, 100,1, 7.15407
./gen_ff 400 5 2 50 1.0 40.0 
2, 5.54738, 5.54734, 400, 5, 50, 100,1, 307.66
./gen_ff 400 5 2 50 1.0 40.0 
2, 5.68543, 5.68539, 400, 5, 50, 100,1, 7.54471
./gen_ff 400 5 2 50 1.0 40.0 
2, 6.14298, 6.14297, 400, 5, 50, 100,1, 7.67331
./gen_ff 400 5 2 50 1.0 40.0 
2, 6.45865, 6.45864, 400, 5, 50, 100,1, 12.1152
./gen_ff 400 5 2 50 1.0 40.0 
2, 4.92608, 4.92606, 400, 5, 50, 100,1, 12.2476
./gen_ff 400 5 2 50 1.0 40.0 
2, 7.3753, 7.37529, 400, 5, 50, 100,1, 7.80893
./gen_ff 400 5 4 50 1.0 40.0 
4, 7.44895, 7.44893, 400, 5, 50, 100,1, 454.813
./gen_ff 400 5 4 50 1.0 40.0 
4, 4.96477, 4.96476, 400, 5, 50, 100,1, 16.9731
./gen_ff 400 5 4 50 1.0 40.0 
4, 4.64426, 4.64425, 400, 5, 50, 100,1, 8.38653
./gen_ff 400 5 4 50 1.0 40.0 
4, 4.0431, 4.04309, 400, 5, 50, 100,1, 6.91882
./gen_ff 400 5 4 50 1.0 40.0 
4, 4.83991, 4.8399, 400, 5, 50, 100,1, 7.9951
./gen_ff 400 5 4 50 1.0 40.0 
4, 5.46861, 5.4686, 400, 5, 50, 100,1, 9.35935
./gen_ff 400 5 4 50 1.0 40.0 
4, 6.25262, 6.2526, 400, 5, 50, 100,1, 13.817
./gen_ff 400 5 8 50 1.0 40.0 
8, 3.96837, 3.96836, 400, 5, 50, 100,1, 9.85596
./gen_ff 400 5 8 50 1.0 40.0 
8, 3.68559, 3.68557, 400, 5, 50, 100,1, 10.9282
./gen_ff 400 5 8 50 1.0 40.0 
8, 3.90831, 3.90827, 400, 5, 50, 100,1, 23.7859
./gen_ff 400 5 8 50 1.0 40.0 
8, 3.76474, 3.76472, 400, 5, 50, 100,1, 37.6253
./gen_ff 400 5 8 50 1.0 40.0 
8, 3.32425, 3.32421, 400, 5, 50, 100,1, 13.003
./gen_ff 400 5 8 50 1.0 40.0 
8, 3.85598, 3.85594, 400, 5, 50, 100,1, 33.1952
./gen_ff 400 5 8 50 1.0 40.0 
8, 4.51566, 4.51564, 400, 5, 50, 100,1, 12.6889
./gen_ff 400 5 16 50 1.0 40.0 
16, 3.95328, 3.95324, 400, 5, 50, 100,1, 12.3476
./gen_ff 400 5 16 50 1.0 40.0 
16, 4.78041, 4.78037, 400, 5, 50, 100,1, 20.8755
./gen_ff 400 5 16 50 1.0 40.0 
16, 4.45526, 4.45525, 400, 5, 50, 100,1, 8.50658
./gen_ff 400 5 16 50 1.0 40.0 
16, 3.91508, 3.91504, 400, 5, 50, 100,1, 64.2822
./gen_ff 400 5 16 50 1.0 40.0 
16, 3.98488, 3.98487, 400, 5, 50, 100,1, 94.0846
./gen_ff 400 5 16 50 1.0 40.0 
16, 3.98623, 3.98619, 400, 5, 50, 100,1, 7.09405
./gen_ff 400 5 16 50 1.0 40.0 
16, 3.88491, 3.88489, 400, 5, 50, 100,1, 7.47792
